75
77
101
124
137
147
155
158
168
180
227
235
272
275
279
280
282
284
287
299
307
355
361
386
409
414
431
454
494
547
579
588
596
610
735
736
775
793
818
827
840
845
857
862
869
879
893
899
900
912
919
925
938
946
951
979
1004
1039
1113
1162
1166
1178
1198
1210
1288
1327
1339
1346
1364
1409
1410
1424
1427
1433
1445
1459
1463
1558
1560
1569
1585
1600
1611
1626
1628
1650
1664
1667
1696
1728
1865
1882
1886
1914
1934
1941
1944
2225
2235
2268
2276
2295
2301
2304
2310
2313
2329
2333
2397
2402
2422
2448
2546
2551
2580
2647
2717
2721
2741
2778
2794
2815
2822
2847
2904
2909
2916
2950
2977
2979
3032
3035
3048
3055
3058
3072
3078
3095
3148
3183
3214
3234
3260
3276
3287
3289
3294
3308
3317
3323
3327
3333
3344
3356
3360
3362
3374
3388
3429
3433
3434
3436
3439
3467
3473
3504
3514
3524
3550
3551
3559
3610
3654
3692
3706
3732
3770
3791
3797
3815
3835
3852
3914
3926
3931
3942
3965
3972
4012
4031
4038
4065
4083
4091
4092
4113
4133
4146
4240
4248
4271
4276
4283
4303
4306
4316
4320
4328
4340
4356
4404
4430
4431
4435
4450
4471
4534
4666
4682
4687
4703
4713
4808
4823
4828
4838
4847
4852
4854
4860
4870
4887
4924
4927
4931
4933
4936
4961
4976
5010
5022
5031
5034
5046
5077
5091
5108
5116
5132
5143
5170
5188
5189
5226
5230
5231
5242
5255
5268
5281
5291
5303
5308
5318
5319
5335
5337
5346
5363
5368
5380
5382
5398
5416
5418
5456
5461
5463
5486
5503
5526
5528
5539
5555
5557
5566
5574
5586
5614
5632
5634
5673
5693
5706
5725
5737
5753
5764
5785
5800
5817
5821
5824
5837
5855
5869
5880
5887
5897
5899
5906
5948
5953
5957
5959
6006
6007
6027
6048
6087
6112
6178
6223
6227
6231
6241
6254
6265
6267
6287
6311
6327
6350
6377
6378
6446
6448
6519
6574
6579
6580
6581
6598
6600
6607
6618
6631
6693
6744
6772
6791
6818
6823
6825
6826
6830
6833
6840
6847
6870
6876
6903
6913
6917
6923
6975
7011
7012
7027
7028
7040
7071
7129
7147
7160
7165
7167
7270
7328
7356
7384
7392
7408
7436
7478
7480
7499
7527
7540
7544
7586
7605
7609
7645
7677
7688
7697
7702
7771
7785
7796
7804
7817
7819
7821
7830
7843
7892
7896
7904
7920
7923
7941
7954
7981
7986
7995
8006
8016
8032
8039
8040
8088
8105
8106
8108
8109
8122
8151
8163
8190
8238
8241
8248
8266
8271
8280
8304
8305
8424
8451
8454
8471
8487
8506
8511
8611
8648
8711
8742
8762
8814
8828
8860
8871
8881
8885
8916
8954
8976
9002
9003
9012
9033
9057
9099
9119
9127
9135
9187
9190
9191
9192
9197
9228
9264
9296
9332
9353
9377
9398
9403
9410
9417
9419
9453
9459
9471
9478
9488
9496
9501
9548
9556
9582
9592
9638
9659
9699
9706
9717
9718
9737
9743
9762
9799
9814
9837
9855
9904
9938
9990
10079
10134
10135
10176
10220
10266
10279
10283
10301
10314
10327
10343
10354
10366
10392
10396
10426
10480
10484
10491
10507
10512
10536
10540
10545
10550
10562
10600
10656
10782
10836
10876
10938
11054
11060
11070
11111
11135
11136
11156
11174
11179
11185
11193
11199
11200
11219
11230
11233
11234
11281
11286
11289
11292
11297
11298
11307
11313
11318
11325
11328
11346
11362
11403
11407
11411
11425
11435
11443
11444
11459
11468
11469
11480
11517
11521
11533
11542
11556
11557
11560
11561
11571
11603
11609
11613
11619
11638
11650
11667
11678
11690
11692
11697
11720
11758
11761
11769
11771
11790
11809
11820
11830
11838
11839
11846
11852
11875
11878
11881
11919
11924
11945
11948
11977
11987
12000
12001
12003
12008
12018
12019
12037
12048
12072
12100
12144
12171
12204
12226
12289
12322
12344
12372
12385
12404
12424
12429
12435
12473
12476
12477
12484
12491
12518
12586
12597
12619
12649
12685
12693
12705
12750
12755
12769
12771
12780
12793
12798
12816
12833
12845
12882
12884
12891
12892
12893
12915
12921
12923
12971
12974
13027
13036
13041
13070
13084
13085
13098
13125
13135
13173
13175
13184
13192
13198
13220
13223
13235
13248
13284
13295
13308
13317
13323
13331
13339
13340
13347
13349
13356
13359
13361
13363
13365
13368
13372
13376
13379
13386
13394
13397
13400
13415
13417
13420
13422
13424
13450
13453
13460
13463
13464
13467
13471
13515
13516
13528
13553
13700
13763
13845
13885
13898
13902
14093
14133
14179
14181
14282
14299
14303
14449
14521
14532
14535
14536
14597
14651
14652
14684
14747
14763
14830
14831
14836
14865
14872
14891
14898
14901
14907
14926
14991
15022
15028
15029
15030
15127
15134
15198
15264
15345
15359
15362
15463
15522
15561
15620
15621
15622
15623
15644
15663
15664
15677
15690
15710
15730
15742
15748
15763
15790
15844
15857
15859
15863
15876
15879
15880
15919
15935
15976
15980
16027
16030
16070
16079
16133
16180
16196
16201
16223
16283
16326
16399
16400
16403
16431
16467
16491
16505
16529
16546
16549
16627
16629
16704
16725
16745
16768
16793
16801
16913
16940
16947
16951
16968
16970
16984
16985
16988
16989
17022
17057
17061
17084
17110
17118
17202
17203
17251
17265
17274
17275
17297
17350
17352
17369
17372
17388
17405
17407
17440
17461
17525
17526
17543
17553
17563
17569
17637
17660
17674
17678
17686
17719
17842
17844
17868
17915
18054
18120
18160
18208
18219
18254
18266
18310
18314
18327
18332
18334
18358
18362
18365
18395
18452
18456
18472
18530
18536
18562
18565
18572
18574
18634
18636
18653
18661
18673
18690
18696
18697
18699
18720
18723
18732
18734
18743
18756
18763
18782
18798
18804
18816
18851
18852
18857
18875
18880
18886
18890
18908
18909
18922
18923
18927
18928
18930
18943
18946
18957
18959
18961
19008
19011
19025
19029
19042
19068
19088
19090
19099
19102
19104
19113
19126
19136
19137
19139
19174
19189
19193
19200
19206
19210
19214
19217
19227
19249
19279
19299
19429
19593
19602
19667
19686
19773
19820
19884
19910
19930
19932
19953
19971
19973
20053
20055
20085
20144
20147
20184
20188
20368
20573
20616
20656
20689
20724
20730
20772
20783
20802
20835
20836
20883
20896
20928
20937
20940
20968
21001
21007
21052
21053
21087
21093
21135
21146
21147
21154
21183
21244
21299
21308
21313
21329
21332
21349
21373
21413
21416
21422
21427
21432
21475
21701
21703
21740
21756
21781
21805
21839
21930
21938
21952
21974
22047
22084
22114
22135
22136
22141
22218
22219
22234
22315
22396
22481
22502
22821
22838
22877
22883
22933
22969
22998
23003
23006
23069
23153
23157
23160
23186
23317
23354
23355
23453
23514
23530
23560
23574
23577
23636
23645
23666
23683
23697
23725
23732
23748
23758
23766
23770
23774
23783
23817
23820
23824
23825
23836
23924
23934
23945
23968
23976
24052
24055
24071
24091
24094
24101
24147
24168
24177
24196
24209
24234
24237
24243
24256
24334
24341
24343
24368
24379
24388
24390
24395
24400
24401
24406
24429
24431
24442
24453
24455
24457
24483
24492
24493
24500
24515
24529
24532
24552
24558
24582
24670
24673
24683
24713
24725
24735
24748
24759
24771
24829
24833
24856
24861
24866
24908
24917
24918
24926
24927
24951
24964
24965
24973
24975
24977
24990
24997
25000
25003
25013
25057
25064
25078
25164
25191
25196
25226
25246
25257
25389
25406
25451
25580
25589
25652
25655
25685
25706
25820
25878
25895
25924
25954
26013
26023
26026
26104
26113
26117
26121
26129
26169
26206
26213
26230
26233
26237
26256
26278
26311
26313
26335
26366
26376
26384
26387
26413
26427
26445
26450
26532
26640
26643
26739
26745
26757
26758
26763
26804
26805
26828
26833
26834
26839
26847
26852
26853
26915
26932
26936
26937
26940
26945
26966
26980
26982
27003
27033
27035
27044
27049
27051
27066
27070
27075
27098
27119
27145
27160
27178
27237
27321
27322
27323
27330
27491
27522
27531
27538
27563
27570
27580
27609
27691
27705
28003
28046
28082
28351
28373
28381
28391
28395
28406
28407
28439
28440
28446
28468
28507
28547
28571
28600
28712
28717
28756
28761
28804
28899
28902
28907
28936
28970
28993
29012
29021
29028
29054
29099
29105
29118
29132
29138
29221
29297
29329
29394
29489
29729
29762
29788
29893
29997
30022
30051
30065
30091
30093
30099
30131
30158
30226
30251
30277
30300
30303
30436
30623
30627
30643
30668
30717
30731
30757
30849
30895
30927
30972
30997
31046
31076
31077
31106
31127
31170
31218
31255
31315
31432
31439
31445
31675
31682
31720
31764
31773
31814
31815
31964
31980
32148
32150
32165
32185
32195
32207
32226
32258
32318
32331
32338
32364
32365
32486
32498
32691
32813
32842
32864
32882
32901
32951
32977
33235
33259
33347
33394
33405
33462
33527
33544
33554
33625
33769
33872
33874
34004
34006
34020
34086
34096
34236
34261
34288
34294
34382
34467
34511
34578
34599
34660
34713
34790
34886
34999
35173
35222
35228
35334
35337
35529
35631
35759
35791
35795
36235
36237
36242
36282
36285
36321
36427
36460
36461
36544
36545
36694
36717
36781
36782
36791
36874
37003
37013
37158
37328
37335
37443
37446
37488
37508
37702
37703
37707
37746
37791
37952
38060
38093
38130
38131
38229
38368
38399
38603
38642
38661
38681
38686
38697
38725
38742
38760
38763
38765
38768
38803
38900
38934
38998
39003
39018
39114
39185
39235
39248
39314
39342
39354
39391
39563
39603
39648
39670
39738
39739
39748
39876
39917
39949
39955
39957
40042
40054
40055
40083
40095
40096
40333
40494
40622
40642
40722
40752
40790
40818
40907
40927
41001
41022
41023
41075
41089
41677
41686
41784
41899
42116
42187
42326
42334
42429
42441
42470
42484
42599
42858
42863
42881
42923
42939
42953
43086
43090
43103
43144
43183
43206
43215
43232
43257
43268
43302
43364
43375
43381
43408
43412
43497
43544
43546
43604
43637
43652
43730
43821
43894
43899
43950
43989
44022
44025
44044
44073
44108
44112
44118
44224
44280
44321
44344
44379
44387
44431
44493
44536
44553
44685
44712
44781
44782
44791
44830
44831
44832
44986
45016
45018
45114
45131
45169
45185
45191
45237
45246
45286
45287
45328
45329
45346
45358
45397
45405
45421
45431
45434
45577
45586
45595
45607
45691
45762
45765
45771
45772
45777
45784
45796
45813
46104
46108
46128
46151
46171
46285
46312
46443
46446
46621
46631
46660
46662
46668
46672
46825
46837
46848
46851
46856
46906
46976
46992
47099
47122
47167
47184
47211
47302
47334
47340
47350
47400
47413
47469
47611
47703
47764
47779
47781
47811
47851
47854
47956
47964
48039
48048
48060
48156
48173
48174
48199
48223
48240
48251
48292
48297
48311
48371
48383
48388
48440
48451
48466
48467
48506
48511
48572
48574
48594
48611
48641
48668
48670
48672
48715
48755
48801
48806
48840
48863
48924
48941
48948
48993
48999
49034
49037
49039
49102
49123
49260
49284
49345
49347
49357
49419
49435
49440
49441
49443
49481
49500
49503
49508
49514
49601
49609
49612
49642
49674
49697
49700
49717
49774
49785
49786
49824
49845
49854
49859
49900
49910
49930
49937
49939
49962
49964
49971
49972
49977
49986
49991
50001
50110
50111
50196
50202
50224
50225
50241
50249
50277
50278
50308
50313
50330
50413
50473
50477
50499
50516
50556
50574
50656
50665
50797
50820
50833
50836
50849
50878
50979
51067
51074
51078
51116
51123
51134
51167
51247
51286
51295
51305
51366
51379
51381
51385
51498
51565
51567
51594
51642
51648
51663
51689
51717
51719
51725
51779
51781
51784
51856
51876
51880
51883
51972
51973
52036
52047
52052
52059
52079
52082
52131
52300
52301
52303
52307
52321
52350
52445
52470
52478
52492
52501
52503
52589
52609
52658
52756
52759
52775
52794
52839
52878
52930
52936
52937
52964
52999
53009
53010
53039
53051
53066
53074
53099
53174
53248
53287
53296
53302
53340
53357
53495
53497
53540
53582
53588
53611
53662
53680
53692
53725
53734
53742
53755
53766
53905
53918
53923
53989
54029
54061
54071
54098
54099
54139
54160
54381
54383
54467
54536
54630
54678
54722
54747
54766
54860
54865
54972
54995
55005
55074
55077
55083
55087
55140
55207
55217
55230
55270
55334
55344
55346
55354
55407
55420
55469
55491
55511
55512
55521
55530
55541
55568
55587
55589
55601
55605
55613
55623
55632
55677
55731
55732
55736
55762
55775
55797
55825
55826
55874
55893
55915
55923
55936
55970
55978
55982
56009
56017
56041
56043
56048
56055
56060
56083
56090
56100
56108
56110
56124
56148
56150
56155
56159
56172
56174
56176
56243
56265
56371
56374
56481
56543
56546
56564
56638
56702
56717
56728
56734
56749
56751
56807
56808
57012
57052
57058
57077
57095
57173
57302
57320
57348
57441
57476
57624
57641
57642
57689
57760
57768
57798
57825
57827
57840
57841
57848
57873
57897
57919
57920
57941
57942
57944
57945
57960
57963
58093
58095
58141
58146
58150
58195
58371
58417
58443
58449
58478
58533
58650
58660
58674
58696
58734
58740
58820
58837
58839
58843
58854
58924
58944
58978
59042
59047
59062
59067
59085
59089
59124
59126
59137
59160
59204
59208
59239
59240
59253
59298
59300
59407
59418
59420
59421
59449
59466
59467
59468
59477
59495
59550
59562
59563
59625
59695
59743
59749
59823
59904
59905
59909
59913
59965
60062
60070
60085
60087
60094
60097
60146
60164
60182
60196
60238
60281
60291
60387
60421
60433
60441
60449
60451
60473
60522
60524
60564
60566
60572
60580
60584
60671
60682
60688
60730
60758
60762
60779
60789
60798
60808
60825
60831
60854
60884
60896
60932
60933
60944
60979
60982
61010
61011
61018
61059
61061
61098
61127
61147
61163
61192
61203
61229
61231
61269
61280
61292
61299
61319
61360
61377
61406
61449
61484
61496
61555
61562
61579
61603
61612
61640
61660
61668
61696
61747
61767
61842
61845
61911
61914
62065
62066
62142
62168
62231
62248
62254
62290
62372
62389
62430
62467
62469
62486
62514
62586
62592
62604
62627
62651
62707
62725
62730
62798
62810
62814
62816
62818
62838
62852
62861
62906
62922
62943
62978
62987
63025
63034
63097
63132
63141
63150
63214
63224
63242
63372
63377
63378
63379
63398
63410
63411
63445
63499
63528
63566
63567
63592
63593
63616
63633
63688
63720
63831
63863
63920
63924
63930
63931
63996
64042
64053
64234
64272
64421
64465
64480
64493
64517
64527
64540
64612
64631
64677
64709
64723
64776
64815
64859
64878
64884
64891
64938
65095
65200
65241
65257
65279
65281
65291
65292
65352
65413
65437
65439
65544
65547
65560
65605
65610
65657
65716
65725
65742
65743
65768
65778
65800
65815
65819
65820
65838
65856
65859
65864
65929
65959
65960
65962
65994
66006
66009
66012
66017
66038
66053
66076
66111
66144
66178
66201
66209
66237
66250
66254
66270
66291
66299
66323
66335
66342
66373
66552
66598
66640
66667
66696
66786
66821
66824
66870
66889
66898
66903
66940
66941
66950
66987
66988
67007
67027
67046
67050
67165
67179
67202
67219
67258
67290
67310
67324
67366
67388
67403
67412
67424
67426
67428
67453
67454
67492
67585
67645
67759
67765
67911
67978
68042
68123
68235
68250
68311
68315
68317
68340
68343
68401
68450
68486
68514
68562
68592
68593
68614
68615
68619
68620
68669
68681
68707
68738
68822
68825
68826
68857
68915
68928
68931
68932
68959
69039
69071
69117
69118
69142
69152
69224
69300
69368
69370
69372
69389
69487
69490
69494
69499
69517
69606
69612
69613
69648
69666
69725
69778
69781
69802
69903
69989
70008
70010
70017
70024
70053
70074
70118
70132
70150
70151
70184
70211
70242
70269
70304
70308
70320
70330
70332
70335
70336
70531
70535
70546
70577
70585
70587
70588
70612
70635
70637
70640
70669
70693
70730
70732
70750
70761
70765
70772
70783
70786
70810
70863
70895
70913
70915
70926
70935
71034
71045
71061
71082
71085
71113
71115
71204
71206
71246
71309
71449
71554
71586
71631
71632
71677
71687
71747
71768
71770
71771
71896
71951
71975
72034
72069
72074
72084
72102
72104
72147
72152
72178
72319
72352
72377
72424
72453
72463
72488
72492
72562
72587
72593
72595
72612
72653
72714
72747
72771
72778
72786
72939
72940
73034
73091
73097
73120
73179
73214
73260
73332
73411
73451
73493
73494
73592
73616
73618
73646
73764
73776
73805
73807
73837
73838
73901
73921
73927
73966
73981
74019
74021
74022
74023
74056
74058
74073
74096
74102
74106
74124
74143
74171
74172
74177
74193
74209
74227
74275
74291
74293
74296
74340
74353
74361
74430
74435
74442
74448
74466
74478
74500
74511
74515
74544
74560
74591
74641
74683
74722
74726
74783
74866
74873
74876
74879
74953
74958
74981
75042
75089
75104
75154
75155
75169
75174
75176
75179
75208
75231
75233
75252
75273
75278
75284
75289
75302
75353
75414
75430
75472
75488
75560
75568
75638
75641
75642
75665
75666
75675
75679
75699
75707
75717
75719
75723
75734
75742
75751
75759
75769
75805
75808
75818
75862
75863
75891
75920
75971
75991
76026
76032
76063
76096
76114
76123
76124
76149
76170
76184
76186
76189
76190
76192
76253
76255
76256
76257
76259
76272
76273
76324
76340
76343
76349
76351
76397
76407
76408
76589
76592
76604
76612
76635
76639
76675
76684
76694
76695
76702
76712
76741
76750
76752
76753
76795
76819
76824
76829
76831
76847
76849
76853
76854
76859
76874
76875
76877
76880
76885
76889
76891
76896
76897
76940
76952
76957
76959
76961
76969
76970
76995
76998
77000
77008
77014
77023
77033
77055
77058
77065
77109
77133
77153
77162
77177
77181
77184
77199
77233
77306
77307
77362
77372
77373
77513
77528
77529
77552
77558
77563
77645
77653
77657
77678
77691
77696
77805
77813
77852
77870
77895
77934
77939
77963
77979
78096
78190
78222
78261
78262
78303
78308
78326
78337
78407
78416
78463
78470
78523
78525
78538
78545
78560
78583
78594
78606
78635
78641
78647
78656
78661
78673
78701
78704
78705
78706
78716
78732
78784
78785
78801
78817
78829
78837
78874
78878
78885
78959
78986
78993
79084
79090
79104
79121
79244
79255
79272
79280
79283
79287
79293
79311
79319
79323
79407
79409
79446
79577
79584
79608
79609
79611
79621
79678
79705
79711
79799
79805
79809
79839
79852
79889
79959
79961
80006
80028
80051
80166
80203
80209
80262
80274
80321
80333
80334
80342
80363
80398
80449
80457
80499
80504
80507
80528
80534
80543
80552
80562
80567
80595
80613
80638
80657
80694
80715
80720
80739
80802
80829
80834
80849
80852
80855
80887
80890
80949
80996
81003
81045
81052
81078
81113
81117
81123
81204
81295
81300
81304
81403
81434
81442
81513
81531
81629
81637
81639
81660
81675
81718
81728
81760
81764
81784
81827
81838
81862
81889
81925
81973
81987
81988
81996
82045
82067
82074
82089
82130
82136
82154
82168
82171
82177
82198
82204
82276
82287
82294
82295
82301
82305
82346
82348
82372
82411
82528
82695
82738
82756
82757
82758
82824
82907
82947
82959
83048
83133
83139
83262
83322
83356
83465
83493
83530
83559
83580
83591
83593
83602
83604
83617
83697
83703
83713
83714
83779
83786
83792
83798
83832
83866
83867
83872
83877
83923
83953
84004
84012
84025
84064
84065
84077
84114
84202
84203
84204
84212
84233
84240
84241
84263
84305
84339
84342
84343
84392
84428
84429
84466
84488
84489
84490
84496
84564
84568
84569
84573
84574
84576
84583
84606
84609
84665
84682
84715
84774
84826
84829
84893
84904
84979
85019
85029
85032
85034
85049
85129
85221
85288
85416
85490
85496
85505
85518
85628
85657
85784
85827
85858
85861
85878
85894
85925
85943
85947
85964
86008
86011
86020
86032
86054
86115
86171
86173
86179
86180
86185
86190
86206
86211
86258
86286
86299
86300
86311
86324
86397
86402
86406
86449
86466
86482
86492
86493
86510
86511
86516
86517
86527
86534
86561
86575
86594
86600
86605
86607
86610
86623
86625
86630
86665
86732
86800
86808
86814
86828
86832
86904
86945
86970
86973
86999
87007
87033
87077
87097
87156
87225
87290
87334
87576
87617
87628
87675
87677
87753
87845
87881
87894
87900
87902
87983
87995
88042
88047
88065
88086
88090
88131
88159
88163
88168
88198
88200
88210
88243
88258
88281
88294
88307
88308
88379
88400
88410
88415
88416
88528
88569
88570
88575
88576
88580
88618
88633
88645
88818
88821
88910
88911
88925
89063
89079
89090
89095
89100
89169
89180
89186
89206
89210
89214
89218
89250
89272
89273
89276
89281
89282
89283
89297
89298
89299
89301
89336
89340
89341
89343
89346
89348
89364
89410
89425
89429
89432
89436
89456
89460
89464
89493
89494
89536
89660
89673
89686
89688
89721
89730
89738
89794
89851
89865
89870
89875
89878
89895
89896
89905
89940
89952
89954
89955
89961
89991
89997
90003
90036
90039
90072
90075
90090
90111
90119
90135
90179
90205
90218
90250
90279
90287
90306
90342
90346
90353
90354
90356
90378
90390
90392
90404
90406
90407
90434
90453
90454
90473
90480
90482
90486
90496
90503
90554
90567
90578
90614
90626
90628
90635
90638
90639
90640
90643
90652
90658
90659
90674
90723
90726
90741
90771
90798
90800
90849
90859
90883
90887
90959
91016
91027
91042
91094
91116
91187
91198
91321
91391
91396
91452
91457
91459
91489
91585
91603
91646
91665
91670
91678
91679
91680
91681
91682
91715
91717
91759
91838
91851
91853
91953
92011
92019
92067
92129
92133
92143
92150
92154
92179
92208
92216
92253
92269
92284
92287
92300
92303
92306
92312
92352
92374
92382
92419
92499
92517
92552
92558
92577
92639
92643
92646
92678
92683
92684
92702
92712
92797
92814
92826
92836
92852
92860
92908
92935
92937
92951
92976
93018
93019
93077
93101
93105
93106
93111
93142
93164
93165
93191
93204
93216
93260
93281
93283
93284
93305
93311
93318
93335
93337
93359
93365
93375
93395
93399
93456
93459
93482
93506
93515
93568
93571
93585
93592
93596
93610
93638
93639
93663
93685
93686
93706
93721
93781
93789
93790
93791
93798
93799
93812
93825
93841
93870
93890
93899
93933
93961
93969
93978
93981
93983
93985
93988
93995
94007
94008
94015
94021
94025
94037
94065
94084
94086
94090
94093
94104
94130
94137
94139
94140
94142
94162
94163
94173
94174
94199
94218
94221
94222
94231
94250
94263
94265
94291
94298
94317
94318
94319
94324
94347
94349
94359
94371
94373
94374
94381
94386
94390
94398
94423
94438
94439
94466
94468
94488
94490
94505
94523
94544
94584
94588
94592
94596
94597
94612
94620
94627
94650
94653
94667
94683
94690
94693
94694
94709
94763
94766
94769
94778
94812
94816
94820
94824
94826
94844
94881
94894
94901
94902
94917
94933
94937
94945
94950
94953
94985
94991
94992
95010
95014
95044
95049
95059
95073
95074
95081
95086
95115
95116
95123
95190
95202
95222
95237
95242
95255
95275
95325
95331
95340
95343
95348
95361
95370
95416
95422
95440
95488
95489
95490
95495
95523
95530
95563
95581
95588
95597
95604
95617
95620
95622
95628
95642
95651
95660
95681
95684
95688
95689
95695
95824
95827
95842
95847
95850
95854
95890
95892
95901
95903
95922
95962
96004
96013
96016
96054
96071
96082
96172
96207
96221
96226
96340
96447
96469
96476
96508
96537
96544
96563
96566
96597
96604
96615
96644
96647
96650
96682
96693
96769
96778
96866
96961
96962
97119
97137
97147
97148
97151
97167
97257
97280
97290
97295
97313
97322
97355
97359
97361
97362
97364
97411
97424
97480
97483
97520
97537
97542
97598
97634
97668
97673
97676
97685
97686
97700
97709
97710
97763
97769
97770
97788
97801
97823
97844
97845
97847
97863
97870
97897
97905
97915
97922
97923
97942
97955
97970
97974
97975
97976
97984
97986
97991
97994
98001
98011
98012
98017
98020
98023
98045
98077
98084
98087
98109
98123
98129
98190
98247
98252
98257
98288
98321
98345
98350
98431
98465
98473
98481
98486
98506
98520
98528
98534
98553
98589
98592
98614
98631
98692
98721
98732
98965
98981
98996
99002
99033
99034
99041
99062
99079
99124
99129
99131
99202
99223
99257
99260
99263
99276
99279
99308
99325
99333
99358
99416
99456
99481
99483
99506
99507
99531
99560
99610
99631
99711
99780
99802
99806
99823
99824
99829
99899
99908
99931
100015
100061
100070
100139
100159
100160
100165
100170
100213
100235
100261
100264
100376
100390
100391
100396
100431
100439
100450
100461
100465
100472
100486
100517
100518
100542
100543
100631
100633
100664
100670
100684
100791
100856
100990
100991
101033
101034
101035
101060
101115
101168
101269
101291
101313
101314
101328
101329
101357
101372
101376
101380
101387
101389
101392
101394
101395
101396
101403
101414
101415
101434
101449
101455
101466
101470
101513
101558
101636
101641
101652
101677
101693
101749
101770
101787
101797
101806
101817
101858
101867
101875
101889
101897
101902
101920
101968
102030
102052
102086
102105
102136
102231
102288
102292
102351
102400
102440
102445
102522
102587
102589
102607
102661
102666
102700
102736
102740
102751
102756
102768
102787
102817
102820
102823
102824
102826
102831
102834
102873
102885
102896
102901
102941
102948
102983
103004
103048
103161
103165
103198
103213
103222
103244
103273
103279
103291
103299
103318
103319
103325
103334
103430
103439
103444
103452
103458
103474
103503
103508
103561
103649
103660
103675
103676
103680
103713
103715
103722
103738
103759
103778
103795
103892
103910
103936
103946
103952
103953
103954
103967
103969
103970
103985
104037
104041
104043
104046
104050
104058
104060
104064
104066
104085
104094
104125
104126
104129
104144
104261
104313
104344
104351
104356
104398
104400
104403
104428
104455
104464
104468
104493
104497
104503
104507
104547
104558
104576
104577
104580
104584
104593
104622
104626
104639
104649
104650
104652
104661
104668
104714
104715
104730
104800
104817
104835
104836
104837
104838
104845
104848
104849
104873
104875
104897
104899
104931
104957
104961
104963
105010
105062
105075
105087
105130
105142
105146
105166
105204
105239
105268
105292
105307
105346
105370
105391
105395
105409
105413
105455
105465
105505
105511
105534
105561
105562
105567
105603
105632
105647
105654
105656
105675
105695
105697
105703
105721
105723
105736
105776
105778
105855
105881
105884
105904
105908
105937
105960
105984
106002
106008
106083
106089
106116
106121
106136
106139
106143
106185
106188
106191
106195
106200
106205
106208
106212
106215
106217
106219
106242
106258
106263
106276
106286
106293
106301
106304
106307
106331
106334
106340
106354
106371
106394
106410
106428
106460
106491
106499
106509
106536
106549
106551
106595
106621
106642
106652
106720
106730
106735
106740
106764
106903
106912
106922
106953
106954
107016
107027
107056
107058
107066
107068
107069
107070
107071
107072
107077
107090
107210
107211
107212
107226
107231
107246
107257
107270
107390
107398
107430
107466
107486
107505
107530
107572
107611
107615
107623
107627
107644
107658
107659
107675
107692
107694
107738
107745
107793
107823
107883
107888
107891
107892
107913
107934
107967
107981
107985
108009
108059
108070
108117
108118
108132
108164
108198
108227
108234
108254
108284
108317
108334
108337
108342
108347
108360
108397
108400
108424
108436
108450
108481
108487
108490
108523
108556
108559
108580
108582
108588
108590
108594
108600
108618
108624
108632
108638
108673
108679
108704
108707
108749
108751
108793
108841
108853
108866
108872
108926
108928
108946
108974
108975
109015
109071
109073
109134
109136
109144
109147
109158
109164
109169
109182
109191
109202
109206
109214
109224
109226
109233
109239
109241
109254
109256
109261
109266
109267
109272
109297
109356
109377
109420
109434
109435
109436
109487
109491
109506
109509
109513
109582
109623
109647
109655
109657
109674
109705
109746
109758
109787
109799
109851
109867
109868
109869
109920
109921
109966
110031
110114
110121
110125
110340
110351
110386
110423
110469
110554
110569
110695
110759
110864
110876
110888
110889
111014
111052
111062
111078
111113
111124
111207
111208
111213
111223
111246
111247
111249
111298
111383
111574
111579
111615
111636
111641
111687
111694
111726
111745
111750
111770
111862
111869
111873
111946
111955
111956
111962
111965
111980
111984
111987
112004
112012
112024
112046
112098
112102
112121
112122
112123
112125
112131
112135
112136
112193
112198
112202
112209
112212
112213
112244
112248
112249
112252
112268
112389
112391
112397
112449
112493
112517
112591
112598
112688
112691
112772
112855
112857
112861
112913
112981
113101
113125
113175
113178
113361
113371
113375
113388
113418
113455
113484
113486
113487
113488
113491
113506
113738
113739
113740
113742
113791
113832
113855
113858
113865
113879
113905
113953
114022
114029
114033
114047
114100
114110
114130
114204
114210
114305
114332
114352
114376
114377
114382
114436
114537
114594
114598
114670
114679
114749
114781
114842
114850
114855
114891
114930
114940
114941
114993
115009
115015
115016
115034
115039
115077
115094
115125
115134
115151
115199
115318
115336
115355
115358
115396
115449
115450
115476
115534
115537
115547
115548
115550
115551
115555
115573
115606
115619
115657
115711
115723
115740
115743
115758
115793
115809
115898
115909
115912
115926
115927
115958
115965
116000
116015
116018
116075
116091
116150
116180
116181
116217
116223
116231
116237
116351
116355
116365
116448
116499
116517
116539
116562
116571
116591
116612
116627
116634
116651
116703
116744
116747
116795
116843
116875
116884
116959
116977
116979
116980
117002
117003
117069
117086
117093
117099
117101
117104
117128
117157
117165
117169
117189
117190
117195
117196
117200
117213
117218
117248
117277
117328
117346
117382
117383
117393
117408
117435
117489
117490
117491
117662
117677
117679
117761
117809
117819
117839
117923
117945
117946
117975
118019
118105
118110
118136
118188
118210
118239
118243
118245
118246
118272
118274
118283
118286
118303
118329
118370
118374
118417
118420
118428
118487
118489
118492
118509
118520
118555
118561
118573
118577
118582
118620
118648
118652
118675
118688
118773
118775
118783
118784
118785
118789
118791
118867
118869
118923
118960
118966
118990
119022
119028
119029
119043
119045
119047
119057
119058
119059
119073
119076
119106
119222
119258
119338
119403
119404
119406
119418
119442
119527
119553
119619
119650
119694
119710
119720
119732
119733
119814
119885
119901
119915
119918
119930
119942
119956
119986
120014
120015
120030
120031
120076
120077
120098
120123
120149
120156
120166
120175
120191
120196
120197
120198
120200
120201
120253
120282
120291
120294
120378
120394
120423
120451
120482
120534
120553
120641
120650
120717
120746
120751
120771
120781
120806
120849
120878
120881
120882
121090
121133
121194
121200
121217
121302
121305
121321
121328
121340
121533
121606
121710
121834
121982
122004
122013
122172
122228
122401
122407
122470
122473
122488
122492
122535
122536
122545
122555
122582
122770
122780
122783
122831
122851
122857
122863
122869
122902
122904
122906
122907
122910
122940
122956
122977
122994
123011
123036
123046
123050
123052
123054
123058
123059
123085
123132
123133
123145
123163
123241
123286
123287
123301
123306
123308
123309
123315
123317
123318
123324
123334
123374
123424
123453
123474
123478
123494
123495
123510
123516
123523
123532
123538
123573
123574
123581
123594
123608
123636
123637
123716
123727
123733
123742
123749
123792
123810
123812
123831
123845
123850
123856
123861
123878
123909
123913
123931
123934
123937
123944
123953
123977
123984
124012
124018
124034
124047
124056
124057
124119
124127
124131
124154
124155
124184
124185
124187
124189
124225
124229
124232
124237
124238
124253
124323
124375
124377
124385
124426
124427
124450
124462
124475
124483
124487
124488
124492
124515
124537
124599
124600
124603
124640
124643
124645
124669
124674
124701
124704
124759
124760
124863
124876
124880
124968
124969
125012
125046
125108
125138
125153
125260
125276
125307
125333
125345
125358
125399
125400
125417
125437
125471
125473
125491
125509
125510
125512
125513
125518
125524
125528
125564
125578
125648
125649
125681
125685
125703
125759
125765
125780
125791
125796
125815
125850
125852
125858
125870
125878
125888
125898
125921
125923
125925
125926
125929
125931
125937
125946
125956
125964
125980
126005
126023
126025
126029
126037
126053
126054
126060
126072
126074
126079
126146
126155
126158
126190
126260
126267
126268
126271
126285
126286
126297
126314
126326
126328
126340
126352
126359
126373
126427
126434
126447
126467
126469
126528
126532
126582
126591
126609
126627
126633
126638
126650
126654
126669
126673
126674
126694
126711
126714
126746
126747
126755
126757
126762
126766
126768
126776
126777
126785
126788
126800
126802
126806
126807
126829
126834
126865
126868
126875
126887
126888
126893
126917
126942
126956
126969
127026
127080
127082
127117
127129
127179
127319
127353
127354
127369
127386
127387
127394
127400
127435
127445
127468
127506
127517
127569
127576
127592
127596
127620
127625
127632
127656
127671
127677
127680
127716
127732
127744
127749
127751
127769
127785
127788
127824
127835
127851
127854
127855
127870
127885
127894
127899
127910
127915
127972
127975
127977
127979
127993
127994
127999
128000
128005
128028
128030
128052
128054
128055
128076
128083
128117
128152
128165
128167
128173
128180
128181
128189
128224
128225
128245
128247
128248
128295
128296
128304
128324
128341
128347
128351
128372
128373
128377
128383
128385
128391
128410
128411
128425
128435
128461
128465
128481
128485
128494
128511
128521
128535
128573
128599
128627
128631
128633
128646
128653
128654
128655
128662
128665
128666
128667
128672
128673
128677
128678
128684
128692
128693
128762
128766
128772
128773
128792
128805
128828
128830
128849
128867
128878
128913
128957
128975
128983
129007
129015
129032
129058
129060
129095
129141
129144
129165
129185
129196
129208
129222
129228
129239
129244
129283
129291
129311
129401
129403
129409
129425
129428
129438
129454
129472
129551
129588
129650
129688
129755
129787
129789
129806
129868
129870
129872
129885
129898
129919
129938
129971
130020
130032
130037
130039
130043
130048
130070
130089
130110
130215
130218
130241
130242
130255
130267
130274
130279
130281
130290
130292
130314
130330
130344
130405
130418
130421
130453
130456
130520
130530
130552
130556
130602
130604
130609
130613
130617
130648
130651
130675
130697
130704
130762
130822
130851
130855
130864
130889
130896
130901
130925
131042
131044
131136
131141
131144
131161
131164
131192
131204
131259
131261
131262
131306
131318
131328
131350
131357
131445
131454
131495
131503
131505
131506
131546
131582
131588
131596
131610
131623
131627
131641
131647
131654
131656
131686
131756
131764
131766
131768
131860
131883
131925
131949
131961
131966
131974
131977
132015
132018
132021
132057
132066
132078
132082
132099
132100
132108
132147
132158
132169
132221
132227
132238
132251
132274
132308
132310
132327
132335
132341
132342
132365
132370
132381
132386
132400
132405
132414
132431
132455
132457
132481
132494
132501
132513
132515
132523
132555
132562
132566
132581
132583
132584
132613
132634
132672
132683
132733
132778
132784
132827
132850
132859
132900
132901
132931
133027
133041
133056
133075
133086
133100
133101
133142
133160
133166
133167
133201
133219
133221
133232
133240
133241
133244
133256
133287
133288
133291
133309
133357
133388
133389
133391
133414
133417
133464
133490
133491
133511
133517
133518
133524
133539
133603
133636
133638
133660
133693
133698
133702
133732
133746
133759
133761
133770
133812
133858
133904
133920
133923
133950
133965
133974
133988
133990
134054
134065
134095
134099
134121
134156
134165
134167
134170
134183
134206
134215
134216
134272
134283
134292
134297
134300
134310
134333
134338
134339
134344
134352
134356
134378
134395
134408
134413
134424
134461
134465
134518
134559
134564
134568
134591
134592
134597
134633
134647
134652
134659
134664
134668
134677
134679
134689
134692
134693
134720
134725
134733
134734
134736
134777
134779
134789
134791
134797
134810
134821
134836
134847
134848
134874
134877
134884
134895
134930
134934
134940
134943
134970
134980
134983
134985
134990
135003
135023
135049
135051
135123
135127
135132
135138
135150
135184
135186
135232
135233
135247
135259
135266
135294
135296
135297
135319
135327
135371
135395
135399
135402
135477
135492
135531
135540
135558
135560
135573
135576
135645
135659
135661
135690
135701
135739
135770
135781
135795
135809
135945
135964
135966
135967
135969
135970
135983
136025
136038
136057
136060
136065
136069
136088
136119
136121
136218
136226
136229
136256
136317
136409
136419
136442
136488
136528
136550
136582
136583
136593
136595
136604
136631
136633
136640
136641
136642
136666
136667
136668
136684
136687
136692
136759
136770
136792
136885
136917
136923
136972
137021
137039
137087
137110
137156
137193
137215
137256
137258
137267
137269
137270
137280
137324
137338
137373
137444
137448
137461
137472
137513
137518
137535
137547
137572
137585
137590
137616
137617
137626
137663
137678
137711
137745
137749
137795
137801
137819
137833
137838
137858
138052
138064
138098
138100
138130
138216
138223
138224
138229
138232
138234
138332
138371
138532
138543
138605
138606
138637
138679
138684
138720
138724
138730
138754
138758
138762
138785
138788
138807
138839
138860
138864
138867
138880
138906
138910
138911
138912
138914
138915
138919
138920
138929
138931
138932
138935
138939
138947
138955
138977
139018
139056
139062
139079
139095
139102
139122
139123
139165
139166
139219
139238
139240
139244
139245
139246
139249
139256
139261
139266
139281
139321
139325
139333
139342
139369
139383
139387
139390
139403
139410
139482
139513
139556
139600
139649
139822
139824
139953
139965
140009
140016
140028
140031
140049
140067
140095
140120
140125
140126
140136
140140
140145
140186
140187
140197
140198
140200
140201
140285
140297
140303
140318
140319
140327
140334
140347
140400
140411
140420
140448
140453
140465
140540
140545
140547
140561
140567
140581
140610
140644
140645
140647
140673
140677
140680
140684
140686
140687
140695
140696
140699
140700
140701
140704
140705
140728
140732
140735
140737
140738
140766
140773
140805
140867
140875
140899
140907
140927
140934
140937
140991
140999
141008
141015
141021
141033
141106
141111
141115
141132
141140
141143
141180
141190
141241
141262
141284
141325
141353
141361
141374
141406
141410
141412
141414
141447
141455
141471
141472
141474
141479
141483
141516
141555
141568
141569
141591
141598
141605
141610
141631
141656
141660
141664
141668
141682
141690
141694
141699
141707
141715
141716
141717
141718
141721
141727
141728
141738
141741
141743
141747
141769
141771
141772
141774
141786
141791
141797
141811
141820
141825
141841
141842
141857
141883
141892
141893
141894
141903
141904
141905
141906
141907
141909
141914
141919
141941
141959
141975
142005
142009
142011
142012
142037
142055
142071
142102
142108
142115
142131
142133
142137
142152
142185
142208
142232
142233
142235
142237
142250
142258
142272
142274
142301
142305
142318
142339
142344
142364
142405
142406
142426
142438
142439
142454
142457
142469
142478
142486
142509
142520
142527
142529
142537
142541
142546
142560
142582
142588
142598
142625
142635
142638
142642
142643
142644
142647
142656
142658
142669
142699
142716
142718
142738
142742
142758
142765
142774
142775
142786
142789
142794
142797
142817
142848
142887
142894
142916
142947
142948
142989
143021
143024
143056
143073
143078
143191
143192
143196
143198
143199
143208
143216
143253
143262
143318
143325
143422
143425
143447
143454
143495
143497
143505
143513
143532
143551
143553
143607
143609
143618
143630
143648
143657
143691
143721
143722
143723
143725
143733
143734
143735
143745
143747
143749
143757
143772
143774
143776
143815
143816
143817
143818
143819
143826
143828
143847
143856
143866
143868
143904
143913
143917
143931
143962
143983
144000
144039
144042
144054
144110
144140
144145
144166
144167
144170
144177
144178
144179
144183
144189
144221
144226
144234
144237
144275
144287
144294
144301
144320
144327
144346
144363
144374
144375
144392
144408
144420
144426
144428
144436
144439
144440
144467
144473
144491
144498
144500
144513
144522
144524
144528
144531
144541
144604
144627
144643
144680
144682
144683
144691
144702
144704
144722
144740
144785
144818
144859
144862
144868
144869
144905
144961
144973
144985
145016
145020
145025
145081
145082
145085
145086
145108
145114
145154
145174
145183
145185
145203
145247
145275
145284
145315
145322
145341
145348
145349
145367
145398
145412
145474
145475
145486
145488
145523
145537
145544
145568
145569
145612
145651
145707
145717
145732
145745
145763
145766
145770
145776
145777
145779
145789
145827
145834
145836
145839
145845
145947
145991
146014
146035
146048
146158
146174
146176
146191
146205
146220
146246
146249
146290
146319
146327
146330
146332
146335
146345
146373
146384
146395
146403
146431
146464
146532
146546
146552
146553
146578
146579
146593
146599
146617
146660
146714
146729
146769
146777
146796
146821
146838
146839
146870
146887
146895
146896
146928
146932
146987
146994
147030
147048
147073
147082
147105
147106
147110
147116
147132
147199
147203
147254
147338
147342
147346
147349
147364
147367
147388
147389
147393
147394
147401
147428
147618
147653
147660
147664
147686
147693
147694
147700
147706
147712
147722
147827
147888
147898
147936
147937
147938
147939
147941
147942
147978
148004
148005
148023
148027
148059
148067
148123
148149
148152
148183
148226
148259
148271
148302
148368
148387
148414
148428
148437
148438
148450
148493
148498
148520
148532
148536
148548
148573
148580
148588
148593
148599
148653
148658
148659
148662
148710
148715
148725
148762
148763
148778
148788
148792
148805
148810
148813
148932
148943
148954
148968
148971
148995
148997
149000
149055
149063
149065
149067
149092
149100
149101
149153
149167
149193
149222
149223
149259
149262
149302
149333
149420
149462
149500
149516
149520
149526
149556
149560
149561
149563
149576
149641
149643
149646
149652
149696
149774
149820
149828
149842
149844
149848
149858
149910
149974
149992
149995
150008
150011
150012
150052
150062
150064
150066
150067
150070
150072
150073
150103
150104
150108
150116
150118
150127
150128
150129
150160
150169
150173
150175
150178
150186
150197
150207
150240
150259
150287
150290
150297
150301
150305
150315
150324
150334
150336
150353
150357
150379
150380
150429
150438
150453
150486
150513
150554
150572
150604
150616
150618
150624
150669
150723
150724
150725
150731
150733
150735
150750
150768
150780
150781
150815
150823
150883
150914
150931
150946
150947
150948
150979
150993
150996
151119
151129
151134
151210
151223
151224
151228
151233
151237
151238
151244
151248
151255
151256
151278
151284
151293
151296
151312
151314
151334
151367
151368
151388
151404
151437
151463
151494
151508
151509
151525
151531
151533
151537
151540
151548
151552
151562
151579
151609
151614
151624
151628
151635
151636
151638
151641
151645
151646
151653
151669
151688
151691
151703
151711
151719
151742
151749
151755
151757
151761
151771
151777
151788
151809
151818
151834
151836
151846
151873
151933
151965
151984
152012
152014
152031
152066
152069
152077
152084
152089
152097
152103
152125
152191
152193
152217
152266
152273
152284
152306
152309
152323
152332
152335
152336
152341
152353
152356
152357
152368
152370
152379
152424
152463
152508
152509
152592
152651
152659
152670
152679
152703
152764
152765
152786
152787
152788
152789
152795
152838
152925
152968
153003
153004
153080
153141
153234
153243
153244
153255
153280
153347
153355
153455
153527
153551
153554
153590
153598
153606
153621
153642
153643
153651
153682
153719
153732
153787
153790
153805
153823
153857
153860
153872
153914
153947
153955
153959
153968
153969
153986
154001
154002
154018
154023
154071
154088
154132
154148
154153
154155
154167
154174
154177
154181
154266
154267
154268
154270
154271
154272
154276
154278
154280
154290
154291
154292
154295
154297
154302
154322
154324
154430
154435
154481
154508
154523
154547
154579
154580
154588
154590
154648
154657
154663
154668
154671
154674
154679
154708
154710
154719
154732
154733
154741
154742
154743
154767
154771
154796
154797
154848
154866
154867
154872
154901
154914
154937
154939
155012
155026
155028
155096
155098
155113
155114
155118
155123
155135
155145
155196
155204
155206
155207
155260
155261
155330
155333
155335
155336
155340
155382
155420
155451
155458
155459
155505
155509
155514
155515
155518
155567
155615
155658
155697
155700
155713
155714
155734
155745
155854
155855
155870
155885
155887
155921
155923
155948
155968
155970
155977
155980
155983
156010
156056
156059
156109
156147
156150
156160
156163
156245
156260
156277
156294
156360
156373
156392
156402
156420
156422
156485
156488
156489
156491
156499
156518
156530
156539
156556
156573
156576
156589
156686
156747
156750
156805
156810
156845
156848
156884
156914
156917
156935
156968
157032
157042
157048
157051
157072
157119
157130
157134
157137
157174
157196
157199
157211
157265
157280
157291
157327
157343
157357
157360
157381
157397
157409
157410
157450
157452
157466
157468
157483
157529
157538
157539
157542
157565
157567
157583
157593
157619
157620
157653
157658
157686
157709
157727
157733
157829
157852
157860
157889
157893
157905
157917
157923
157925
157926
157987
157991
157994
157999
158013
158029
158042
158057
158114
158120
158124
158131
158143
158149
158155
158172
158173
158177
158186
158197
158229
158233
158244
158257
158271
158297
158329
158331
158352
158364
158386
158449
158477
158496
158527
158540
158609
158610
158629
158658
158683
158708
158709
158727
158773
158800
158811
158836
158962
158967
158973
158995
159002
159008
159009
159048
159069
159135
159161
159206
159257
159277
159285
159354
159360
159364
159400
159409
159443
159450
159505
159527
159616
159617
159644
159649
159663
159672
159681
159741
159755
159790
159803
159816
159861
159913
159926
159927
159951
159957
159974
160006
160012
160069
160098
160101
160104
160115
160127
160128
160129
160208
160209
160210
160230
160233
160254
160260
160278
160280
160300
160314
160316
160330
160343
160345
160348
160349
160350
160385
160388
160390
160391
160393
160395
160397
160423
160431
160446
160460
160462
160469
160480
160499
160553
160555
160577
160591
160595
160596
160618
160640
160662
160680
160682
160685
160726
160773
160777
160779
160812
160822
160855
160856
160866
160877
160930
160955
160962
160970
160997
161031
161060
161091
161126
161139
161205
161208
161231
161293
161312
161342
161351
161381
161389
161406
161410
161424
161428
161429
161438
161449
161456
161482
161501
161511
161541
161663
161684
161686
161689
161700
161725
161734
161761
161777
161793
161850
161879
161901
161904
161920
161921
161922
161926
161927
161935
161940
161945
161952
161954
161955
161956
161964
161972
161983
161998
161999
162014
162046
162062
162074
162079
162087
162112
162119
162125
162126
162160
162165
162166
162177
162197
162198
162225
162226
162231
162233
162283
162286
162312
162322
162325
162349
162354
162366
162370
162376
162379
162384
162390
162402
162408
162420
162421
162422
162434
162515
162516
162517
162533
162537
162550
162556
162567
162579
162591
162596
162610
162614
162621
162652
162691
162706
162708
162712
162724
162726
162730
162733
162739
162776
162792
162827
162830
162831
162837
162862
162907
162913
162941
162943
162958
162961
162962
162966
162967
162981
163002
163043
163052
163074
163078
163079
163085
163114
163129
163130
163132
163133
163134
163135
163136
163137
163140
163141
163144
163145
163148
163150
163151
163165
163193
163210
163211
163223
163229
163256
163263
163331
163333
163364
163374
163434
163438
163456
163463
163464
163465
163466
163513
163522
163534
163539
163545
163552
163554
163573
163578
163588
163607
163615
163627
163642
163670
163674
163675
163679
163692
163703
163704
163707
163713
163714
163716
163729
163741
163771
163841
163842
163893
163896
163903
163926
163927
163956
163957
163962
163964
163966
163967
163989
164002
164041
164064
164088
164114
164147
164162
164187
164191
164212
164224
164225
164234
164276
164294
164374
164379
164390
164391
164392
164393
164429
164434
164436
164441
164442
164467
164472
164486
164502
164505
164544
164570
164571
164580
164581
164582
164583
164598
164602
164617
164619
164621
164643
164648
164666
164679
164686
164691
164695
164702
164713
164714
164722
164747
164750
164763
164771
164773
164815
164832
164903
164904
164923
164934
164950
165000
165002
165004
165017
165071
165083
165088
165106
165110
165117
165128
165131
165190
165210
165221
165306
165356
165372
165415
165503
165607
165621
165652
165655
165714
165717
165727
165737
165761
165764
165810
165811
165812
165850
165911
165946
165985
165988
166060
166063
166065
166071
166094
166153
166189
166191
166261
166279
166319
166321
166322
166343
166348
166380
166405
166408
166417
166451
166487
166490
166543
166565
166575
166633
166643
166657
166659
166666
166668
166674
166680
166681
166694
166776
166810
166826
166827
166898
166906
166908
166915
166921
166926
166934
166937
166949
166954
166960
166963
166997
167005
167008
167030
167067
167071
167097
167117
167128
167146
167163
167164
167181
167182
167223
167245
167279
167302
167321
167349
167356
167368
167375
167393
167404
167419
167429
167430
167442
167483
167488
167492
167495
167497
167532
167534
167553
167554
167579
167584
167587
167590
167593
167602
167606
167613
167628
167664
167684
167685
167694
167742
167751
167752
167753
167757
167766
167794
167802
167828
167866
167867
167878
167879
167881
167898
167964
167975
167984
167989
167990
167993
167994
168039
168042
168077
168080
168085
168087
168104
168113
168116
168126
168130
168137
168159
168177
168178
168190
168191
168207
168231
168234
168238
168241
168242
168277
168287
168372
168383
168402
168405
168407
168413
168420
168457
168474
168503
168513
168533
168555
168575
168590
168608
168644
168671
168672
168673
168728
168736
168741
168767
168781
168875
168878
168886
168888
168924
168927
168969
168995
169035
169042
169043
169060
169083
169114
169115
169128
169131
169139
169149
169167
169168
169190
169220
169235
169296
169319
169349
169357
169361
169367
169368
169373
169397
169429
169439
169445
169476
169491
169504
169526
169536
169561
169563
169605
169609
169616
169618
169631
169641
169645
169647
169651
169667
169686
169688
169697
169716
169742
169759
169764
169835
169869
169873
169874
169889
169898
169901
169919
169936
169950
169954
169989
170046
170047
170061
170064
170065
170079
170096
170121
170125
170146
170155
170158
170160
170170
170173
170184
170191
170203
170218
170221
170237
170244
170247
170248
170273
170285
170287
170298
170327
170338
170340
170347
170375
170379
170393
170401
170410
170425
170439
170452
170471
170472
170474
170481
170540
170554
170571
170589
170601
170674
170700
170728
170744
170745
170758
170762
170770
170779
170839
170862
170876
170880
170883
170899
170906
170933
170947
170983
170995
171018
171024
171026
171076
171089
171096
171101
171120
171145
171158
171163
171169
171177
171254
171274
171275
171295
171300
171316
171354
171362
171397
171442
171463
171483
171506
171511
171519
171548
171550
171556
171571
171590
171592
171610
171620
171631
171636
171646
171647
171650
171656
171675
171726
171739
171771
171820
171848
171866
171872
171885
171887
171901
171920
171936
171964
172004
172009
172016
172082
172101
172123
172124
172176
172177
172203
172284
172328
172379
172462
172469
172479
172511
172513
172514
172558
172573
172579
172588
172591
172668
172678
172688
172693
172700
172711
172722
172745
172768
172796
172802
172813
172820
172842
172869
172880
172892
172922
172926
172942
172963
172966
172987
173001
173010
173033
173044
173080
173083
173085
173086
173092
173102
173107
173116
173119
173173
173175
173190
173207
173210
173247
173315
173321
173323
173325
173349
173365
173373
173388
173391
173395
173444
173461
173566
173567
173570
173592
173608
173609
173657
173673
173675
173705
173708
173709
173717
173731
173739
173740
173778
173794
173796
173847
173848
173895
173970
174030
174049
174050
174051
174086
174093
174129
174143
174161
174167
174175
174181
174184
174187
174204
174210
174215
174224
174228
174237
174252
174253
174256
174261
174288
174321
174330
174336
174349
174350
174356
174362
174364
174373
174380
174394
174395
174415
174442
174475
174476
174480
174485
174534
174563
174684
174696
174699
174733
174747
174751
174769
174793
174805
174820
174861
174872
174932
174938
174955
174964
174967
174981
174983
174986
174995
174998
175009
175015
175017
175027
175043
175048
175054
175085
175104
175106
175107
175108
175128
175145
175174
175198
175203
175213
175214
175269
175275
175281
175305
175335
175363
175368
175385
175409
175466
175477
175478
175479
175480
175481
175506
175525
175528
175552
175570
175578
175594
175611
175619
175626
175644
175647
175671
175672
175676
175677
175682
175720
175726
175754
175777
175807
175817
175869
175947
175951
175967
175973
175992
176019
176020
176040
176068
176075
176078
176121
176126
176134
176144
176150
176159
176160
176169
176170
176171
176188
176202
176254
176282
176285
176287
176305
176314
176357
176381
176386
176390
176392
176400
176401
176402
176409
176411
176455
176461
176470
176474
176494
176498
176526
176574
176604
176617
176636
176649
176713
176717
176728
176761
176762
176798
176811
176817
176826
176827
176844
176917
176923
176938
176982
177018
177044
177076
177095
177097
177110
177113
177129
177177
177225
177229
177279
177301
177302
177307
177318
177323
177388
177389
177396
177397
177406
177408
177411
177415
177439
177544
177550
177551
177572
177575
177585
177589
177604
177617
177692
177722
177831
177838
177893
177912
177913
177943
177955
177977
177993
178002
178018
178076
178122
178123
178143
178145
178187
178204
178213
178230
178275
178277
178279
178280
178281
178282
178313
178400
178406
178407
178412
178463
178466
178467
178505
178511
178537
178592
178685
178746
178750
178773
178803
178822
178839
178865
178879
178883
178884
178885
178886
178980
179001
179004
179030
179035
179051
179056
179071
179079
179089
179090
179108
179111
179115
179123
179126
179137
179140
179149
179159
179160
179175
179207
179217
179253
179254
179280
179281
179287
179298
179299
179314
179324
179328
179330
179346
179356
179391
179398
179414
179416
179422
179425
179427
179428
179431
179432
179433
179434
179435
179436
179438
179442
179455
179459
179460
179483
179489
179532
179564
179586
179587
179605
179644
179654
179663
179676
179687
179688
179690
179696
179783
179850
179901
179916
179931
179932
179950
179995
180004
180008
180009
180013
180026
180032
180054
180055
180059
180073
180074
180080
180098
180142
180145
180160
180161
180163
180170
180178
180182
180190
180211
180223
180224
180251
180252
180254
180257
180282
180315
180375
180377
180398
180400
180401
180405
180414
180442
180459
180464
180488
180511
180615
180617
180681
180691
180703
180705
180740
180774
180781
180880
180885
180932
180942
180943
181006
181008
181021
181047
181052
181066
181067
181129
181148
181152
181157
181168
181182
181233
181247
181249
181259
181277
181344
181360
181363
181368
181373
181385
181415
181419
181422
181424
181440
181443
181486
181487
181490
181545
181551
181586
181594
181625
181642
181703
181742
181781
181787
181794
181802
181807
181818
181819
181820
181823
181837
181838
181841
181842
181845
181857
181870
181881
181907
181909
181933
181935
181937
181938
181941
181950
181951
181954
181987
182009
182028
182068
182070
182071
182072
182087
182103
182139
182180
182190
182191
182200
182211
182212
182221
182225
182231
182233
182242
182274
182290
182308
182310
182326
182340
182357
182385
182406
182417
182421
182422
182424
182427
182431
182473
182480
182481
182491
182495
182498
182505
182511
182531
182532
182541
182543
182560
182566
182571
182577
182605
182687
182722
182727
182756
182757
182758
182762
182767
182776
182784
182846
182847
182849
182850
182867
182890
182903
182924
182925
182962
182967
182972
183016
183024
183025
183041
183051
183056
183077
183089
183192
183206
183212
183234
183243
183245
183250
183251
183252
183264
183268
183279
183280
183320
183342
183344
183368
183414
183415
183464
183467
183470
183522
183532
183539
183546
183567
183595
183614
183629
183630
183665
183697
183702
183704
183720
183729
183752
183755
183779
183792
183795
183803
183804
183812
183829
183831
183834
183859
183879
183908
184011
184029
184066
184105
184110
184112
184166
184172
184173
184198
184204
184209
184223
184238
184288
184306
184310
184311
184312
184313
184314
184316
184317
184320
184326
184327
184328
184334
184339
184356
184357
184358
184364
184366
184376
184386
184387
184478
184487
184489
184578
184657
184750
184751
184752
184775
184831
184838
184908
184940
184950
184954
184979
184981
184995
185021
185033
185044
185045
185046
185054
185061
185087
185092
185101
185118
185147
185154
185156
185166
185178
185184
185241
185261
185267
185309
185314
185320
185321
185363
185427
185435
185436
185475
185479
185504
185517
185538
185581
185592
185609
185617
185621
185635
185655
185660
185671
185687
185701
185714
185813
185829
185861
185862
185884
185897
185915
185917
185925
185926
185947
185951
185952
185955
185984
186022
186055
186067
186070
186092
186109
186111
186112
186114
186117
186120
186132
186169
186212
186216
186231
186263
186294
186299
186302
186329
186336
186342
186351
186391
186480
186498
186518
186611
186617
186618
186637
186639
186717
186720
186736
186738
186749
186758
186799
186801
186803
186837
186841
186851
186852
186859
186911
186942
186978
187009
187019
187021
187026
187027
187033
187035
187039
187042
187047
187060
187068
187069
187085
187086
187089
187092
187102
187104
187105
187107
187161
187173
187186
187192
187195
187206
187219
187222
187254
187262
187266
187270
187278
187284
187294
187296
187325
187445
187449
187454
187455
187457
187458
187483
187513
187529
187530
187531
187533
187565
187566
187579
187587
187602
187644
187648
187652
187678
187724
187732
187772
187786
187801
187804
187811
187834
187841
187845
187858
187861
187877
187885
187891
187898
187936
187943
187965
187971
187975
188008
188009
188016
188021
188030
188041
188053
188076
188077
188080
188086
188114
188117
188138
188142
188150
188170
188171
188172
188175
188177
188208
188209
188213
188226
188236
188247
188254
188262
188270
188283
188328
188335
188357
188363
188375
188376
188377
188394
188423
188434
188437
188441
188443
188446
188448
188465
188474
188477
188478
188483
188535
188571
188585
188609
188625
188628
188629
188631
188644
188666
188670
188671
188673
188682
188697
188698
188714
188715
188717
188770
188794
188804
188816
188821
188829
188835
188858
188878
188879
188882
188886
188895
188898
188900
188908
188915
188921
188928
188931
188936
188942
188943
188945
188947
188965
188973
189002
189021
189032
189033
189045
189049
189052
189055
189056
189058
189084
189090
189091
189097
189111
189112
189120
189142
189150
189157
189163
189188
189190
189216
189223
189227
189231
189242
189253
189257
189269
189304
189336
189358
189380
189395
189396
189398
189410
189447
189450
189451
189453
189454
189457
189458
189492
189493
189494
189496
189513
189515
189556
189629
189638
189651
189652
189653
189654
189656
189668
189690
189731
189749
189759
189765
189777
189839
189840
189941
189947
190011
190013
190019
190041
190097
190099
190101
190106
190111
190151
190154
190156
190188
190198
190244
190257
190264
190266
190268
190298
190302
190311
190324
190337
190361
190362
190363
190484
190512
190514
190518
190595
190605
190623
190633
190635
190636
190650
190657
190678
190712
190775
190778
190781
190783
190788
190797
190856
190866
190869
190881
190901
190902
190903
190969
190977
190999
191004
191005
191006
191007
191008
191009
191025
191094
191110
191113
191135
191137
191154
191174
191181
191197
191200
191204
191208
191217
191230
191242
191244
191248
191271
191272
191273
191278
191284
191307
191310
191311
191317
191318
191341
191373
191392
191418
191427
191431
191447
191489
191491
191513
191516
191527
191528
191541
191546
191547
191562
191563
191567
191576
192069
192070
192091
192099
192101
192120
192121
192165
192171
192173
192186
192189
192193
192200
192202
192207
192245
192283
192293
192297
192301
192341
192350
192360
192365
192398
192420
192428
192460
192468
192482
192487
192493
192544
192549
192562
192563
192566
192599
192619
192625
192627
192630
192667
192682
192719
192725
192727
192728
192779
192782
192784
192802
192856
192857
192863
192869
192893
192895
192907
192919
192928
192977
192985
193017
193020
193029
193048
193050
193056
193104
193139
193153
193494
193944
193945
193972
193979
193982
193991
194000
194003
194018
194027
194034
194071
194090
194102
194103
194130
194141
194157
194181
194183
194189
194203
194215
194229
194235
194243
194244
194271
194272
194284
194313
194317
194330
194721
194727
194797
194824
194849
194851
194854
194859
194879
194899
194908
194914
194918
194942
194950
194976
194993
195037
195040
195088
195096
195117
195157
195166
195176
195179
195198
195222
195263
195319
195335
195365
195371
195396
195416
195425
195452
195459
195475
195480
195501
195513
195530
195582
195610
195611
195640
195648
195653
195659
195718
195728
195763
195780
195782
195803
195808
195809
195810
195812
195813
195836
195882
195886
195893
195916
195985
196062
196063
196064
196074
196091
196096
196148
196240
196299
196372
196386
196397
196405
196409
196416
196491
196496
196509
196513
196553
196614
196631
196632
196740
196751
196775
196776
196820
196827
196829
196847
196887
196903
196904
196911
196969
196980
197004
197020
197021
197036
197038
197085
197087
197089
197100
197102
197110
197111
197113
197114
197116
197134
197135
197148
197165
197178
197182
197186
197221
197276
197349
197350
197352
197374
197381
197390
197411
197432
197500
197514
197520
197544
197546
197589
197602
197612
197613
197633
197634
197636
197637
197653
197678
197679
197680
197682
197683
197685
197686
197687
197710
197712
197713
197734
197741
197748
197786
197789
197791
197798
197841
197850
197852
197860
197870
197871
197872
197876
197897
197900
197919
197936
197963
197974
197995
197996
198001
198011
198040
198044
198064
198073
198074
198095
198155
198179
198183
198201
198206
198209
198235
198258
198295
198357
198362
198366
198378
198386
198389
198394
198398
198400
198406
198441
198450
198471
198481
198494
198514
198520
198541
198545
198568
198603
198632
198638
198640
198642
198657
198659
198680
198682
198720
198728
198748
198757
198768
198769
198781
198788
198837
198849
198850
198851
198864
198918
198939
198953
198958
198970
198998
199041
199045
199048
199051
199059
199061
199073
199085
199106
199131
199143
199155
199166
199195
199200
199203
199204
199206
199209
199214
199241
199266
199273
199281
199283
199309
199361
199366
199367
199371
199393
199395
199412
199422
199423
199442
199464
199466
199544
199546
199562
199569
199573
199599
199601
199625
199643
199669
199691
199695
199697
199717
199768
199791
199798
199910
199929
199936
199949
199952
199982
199984
200012
200055
200058
200062
200090
200137
200154
200161
200178
200305
200309
200333
200340
200341
200342
200346
200349
200378
200379
200381
200384
200385
200387
200388
200389
200390
200443
200454
200456
200457
200465
200483
200555
200585
200593
200635
200640
200654
200663
200691
200694
200703
200704
200707
200710
200712
200717
200731
200744
200745
200747
200761
200794
200844
200846
200848
200862
200882
200883
200910
200930
200933
200940
200941
200973
200978
201015
201022
201035
201045
201080
201121
201125
201126
201143
201146
201151
201160
201161
201189
201211
201213
201267
201292
201305
201310
201318
201324
201326
201331
201360
201366
201394
201412
201434
201460
201499
201516
201540
201545
201549
201649
201681
201708
201725
201727
201736
201737
201738
201739
201742
201743
201758
201771
201820
201861
201871
201901
201903
201920
201928
201983
201989
202031
202033
202056
202058
202072
202075
202086
202103
202104
202122
202126
202150
202152
202155
202157
202166
202183
202200
202235
202260
202277
202280
202281
202282
202283
202289
202292
202293
202294
202296
202298
202299
202301
202308
202335
202341
202343
202349
202363
202367
202373
202391
202422
202426
202435
202439
202443
202446
202468
202489
202492
202508
202537
202553
202557
202565
202576
202577
202578
202584
202587
202607
202637
202638
202692
202708
202710
202715
202721
202722
202723
202729
202774
202775
202778
202783
202789
202818
202819
202869
202875
202877
202888
202920
202957
202958
202964
202969
202979
202988
203029
203031
203068
203069
203073
203099
203100
203101
203146
203147
203150
203187
203204
203209
203216
203217
203245
203246
203247
203252
203268
203283
203307
203346
203359
203372
203373
203423
203427
203436
203446
203448
203526
203562
203609
203706
203749
203760
203763
203765
203775
203814
203849
203850
203851
203887
203889
203897
203899
203906
203917
203940
203944
203973
204017
204029
204044
204094
204115
204131
204132
204180
204184
204185
204187
204201
204202
204208
204212
204213
204227
204229
204239
204245
204247
204254
204261
204300
204312
204330
204345
204354
204355
204361
204391
204406
204433
204468
204496
204547
204572
204585
204586
204588
204589
204599
204609
204631
204632
204661
204729
204731
204745
204777
204784
204786
204789
204802
204804
204827
204828
204852
204867
204888
204911
204922
204933
204934
204940
204941
204947
204948
204969
204978
204984
205017
205023
205032
205039
205040
205070
205078
205131
205143
205157
205158
205159
205162
205166
205167
205174
205215
205233
205250
205266
205287
205299
205322
205328
205332
205363
205373
205377
205420
205423
205450
205457
205459
205463
205500
205506
205509
205540
205544
205548
205569
205643
205673
205685
205687
205701
205702
205703
205721
205756
205773
205780
205846
205871
205879
205882
205900
205901
205912
205946
205968
205976
205983
206011
206016
206022
206025
206026
206027
206046
206051
206054
206086
206117
206145
206153
206155
206188
206237
206242
206267
206270
206284
206305
206320
206323
206330
206347
206369
206376
206416
206417
206447
206472
206481
206495
206531
206535
206536
206542
206548
206549
206580
206592
206596
206631
206703
206704
206705
206707
206713
206715
206716
206717
206719
206753
206754
206781
206800
206902
206906
206930
206931
206964
206968
206969
206975
207001
207002
207015
207048
207049
207060
207086
207087
207091
207116
207147
207158
207170
207189
207198
207204
207234
207245
207268
207283
207297
207315
207340
207344
207368
207437
207471
207478
207483
207487
207502
207558
207572
207584
207607
207619
207639
207651
207672
207686
207687
207712
207715
207720
207734
207737
207747
207805
207811
207817
207839
207865
207896
207909
207913
207931
207932
207934
207954
207972
207985
207997
208031
208032
208033
208067
208071
208072
208074
208079
208096
208145
208149
208151
208157
208162
208231
208239
208261
208276
208297
208301
208304
208306
208307
208308
208330
208331
208358
208363
208365
208370
208522
208532
208538
208575
208586
208590
208644
208645
208694
208702
208704
208712
208737
208749
208833
208843
208857
208863
208868
208894
208991
209027
209029
209034
209035
209036
209037
209038
209039
209076
209077
209085
209123
209124
209131
209142
209144
209190
209192
209194
209223
209273
209275
209294
209295
209303
209304
209309
209383
209397
209418
209425
209429
209465
209473
209494
209547
209567
209579
209693
209807
209812
209827
209828
209846
209881
209894
209909
209938
209954
209977
209978
209979
209984
210019
210025
210044
210051
210064
210075
210084
210091
210142
210217
210218
210221
210313
210332
210360
210391
210396
210398
210459
210460
210461
210497
210610
210611
210706
210717
210802
210814
210826
210844
210873
210895
210913
210935
210956
210974
210988
210990